rs10832082	-333.437943775	2.39794000867	-372.584403393
rs1979072	-326.733914422	1.7447274949	-378.47714484
rs630648	-268.785249514	1.35654732351	-421.609404121
rs5742716	-136.951427585	1.92081875395	-480.878681668
rs12314351	-108.411847172	2.05551732785	-488.105389637
rs10841561	-214.990885372	1.72124639905	-451.41878473
rs17528985	-207.561581885	2.92081875395	-454.882610929
rs1690918	-169.397982012	1.45593195565	-470.429934943
rs9512324	-98.5825073446	1.69897000434	-490.185158125
rs973950	21.7584749139	1.72124639905	-499.52634442
rs12905634	162.529641174	1.43179827593	-472.846820588
rs11646942	174.238394167	3.08092190762	-468.658705241
rs7199731	225.863571006	1.30102999566	-446.078073091
rs35204	234.194549437	4.05060999336	-441.761149281
rs1057897	290.602704429	11.6777807053	-406.878443983
rs11152214	360.693543813	2.82390874094	-346.26603566
rs338597	389.227605552	1.46852108296	-313.850077387
rs3748608	342.990223511	2.79588001734	363.80998691
rs16863635	334.760866344	1.79588001734	371.396233644
rs1325744	319.543241135	1.92081875395	384.567441478
rs897632	435.819537033	2.61978875829	245.074133969
rs12038830	397.386188887	2.65757731918	303.453813425
rs3790320	413.659368411	1.63827216398	-280.866386251
rs2257233	417.978605775	3.82390874094	-274.397312512
rs6015357	434.974773453	1.42021640338	-246.570368171
rs5759059	470.421436767	1.35654732351	-169.421580179
rs6722320	179.086250974	2.7447274949	466.827714165
rs7578989	160.062408082	3.32790214206	473.687687743
rs12471579	59.7282599549	1.48148606012	496.419716533
rs12990732	222.061835079	3.28399665637	447.982746768
rs41388	205.785740682	2.49485002168	455.688741283
rs1581249	180.387411077	2.03151705145	466.326475685
rs1350149	-75.5673833229	1.69897000434	494.256583747
rs12330919	-106.367139641	3.44369749923	488.555044601
rs4389435	45.2489259527	2.28399665637	497.948325331
rs2061372	-5.81300037259	3.2076083105	499.966207885
rs7655375	-208.068545625	1.95860731484	454.650943386
rs309403	-226.622816741	2.38721614328	445.692830245
rs11100791	-245.327837096	2.43179827593	435.676775082
rs2054923	-398.346891446	1.5376020021	302.191585051
rs387965	-471.666103942	3.85387196432	165.924942042
rs3929752	-403.941360579	1.35654732351	294.671643043
rs9260933	-419.843524575	1.30980391997	271.53529213
rs10484265	-423.117757652	4.22914798836	266.404510397
rs2894808	-432.036509544	2.42021640338	251.683242232
rs6979248	-479.287319636	1.92081875395	142.420733167
rs3736653	-490.559023508	1.32790214206	-96.7049350089
rs10505364	-486.87606364	3.40893539297	-113.805529982
rs17067053	-499.982745494	1.63827216398	4.15381854408
rs10983145	-436.73924713	1.52287874528	-243.43136613
rs1250505	-432.203578557	1.40893539297	-251.396234424
rs1029035	-455.283148352	2.76955107862	-206.68152996
rs7031729	-448.405186445	3.88605664769	-221.207569422
